40
       1       2.958930      7.444071    117.011276    117.187164    -41.852558    150.669220
       2     120.824287    100.076630     88.179802    125.557678   -698.937744    439.451874
       3       3.021979    117.334534     31.774273    100.446144    242.744843    267.856384
       4     118.654663     96.829346     75.035736    -66.964096   -179.966003    259.485870
       5     120.651619     90.940094     93.292679    719.864014   -272.041626  -2130.295166
       6       1.082350     83.683105    112.680038   -673.826233   -159.039719    133.928192
       7       7.390176    120.224236     67.528954    506.415985    339.005737     96.260887
       8     127.970390    104.673111     77.300560   -129.742935     50.223072    -58.593582
       9       3.323948     91.128777     41.048355    133.928192    175.780746    -37.667305
      10       4.307436     41.826561     63.360775    372.487793    200.892288   -267.856384
      11       5.335779     54.187618     35.256474    142.298706     87.890373    -12.555768
      12     121.060455     73.110863     37.656322    -20.926279    133.928192    108.816658
      13       0.584713    108.725266     92.344208     54.408329    418.525604    -71.149353
      14     118.892891     86.177582     88.151085   -125.557678    439.451874    121.372421
      15     117.464401     48.740959     63.067158    -66.964096    121.372421    -50.223072
      16       6.455433     85.926308     15.871402    226.003815   -866.347961   -238.559586
      17     117.235443     96.248528     89.197044   -334.820465  -1067.240234     -4.185256
      18     118.030243     94.849785     90.113823    866.347961   -849.606934   -305.523682
      19       5.726542     79.459656     15.006230   -945.867859    397.599304     -8.370512
      20     118.721825     73.602325     88.808800    -12.555768    837.051208      4.185256
      21       5.913170      8.714081    112.735878    477.119171   -113.001907     16.741024
      22       5.307745     71.296417     12.240792   -142.298706     62.778839    -87.890373
      23     234.095444     18.300085     41.154198   -590.121094   -280.412140    259.485870
      24     115.072105     14.295532     66.142349   -230.189072   -117.187164    104.631401
      25     124.642784     59.414463     40.817558   -188.336517    472.933929   -188.336517
      26     112.997459      4.336615     80.094376   -297.153168    -79.519859    125.557678
      27     237.830765     61.646679     79.245911      0.000000    150.669220   -150.669220
      28     117.410164     14.704261     63.547287   -460.378143   -113.001907    368.302521
      29     122.890579     81.430756     86.515137   -230.189072    803.569153    272.041626
      30     122.420525    101.421135     21.215536    146.483963   -288.782654   -569.194824
      31       6.011691     30.148743     24.129955    221.818558    447.822388    698.937744
      32     120.927841    105.790474     18.631348   -100.446144     41.852558    -16.741024
      33       0.689527     71.489799    107.478256    297.153168    359.932007   -100.446144
      34       4.017481      9.219613     70.939072    431.081360    -58.593582   -146.483963
      35     121.987648    117.410851     15.017444     79.519859   -590.121094    414.340332
      36       9.732926     55.819553     25.988113    313.894196   -117.187164    334.820465
      37     106.991028    237.465515     14.266355   -761.716553    -46.037815    334.820465
      38       5.019735     86.008347     95.128181    100.446144    644.529419   -255.300613
      39     120.723473     90.872124     92.998154   -493.860199   2565.562012   1611.323486
      40       3.564814     54.196312     94.375717    121.372421    205.077545    -58.593582
